//source,x,y,destination,x,y

//Region 0

// //Tutorial
144,	5,	27,	145,	8,	12
145,	7,	13,	144,	5,	28
145,	8,	13,	144,	5,	28
145,	9,	13,	144,	5,	28
144,	59,	17,	153,	8,	18
144,	60,	17,	153,	9,	18
153,	8,	19,	144,	59,	18
153,	9,	19,	144,	60,	18

// // Tutorial2 to Tents
166,	24,	10,	167,	8,	12
167,	8,	13,	166,	24,	11
166,	30,	13,	168,	8,	12
168,	8,	13,	166,	30,	14

// // Tutorial Pathways
166,	5,	34,	169,	4,	1
166,	6,	34,	169,	5,	1
166,	7,	34,	169,	6,	1
169,	4,	0,	166,	5,	33
169,	5,	0,	166,	6,	33
169,	6,	0,	166,	7,	33
169,	43,	10,	170,	1,	10
169,	43,	11,	170,	1,	11
169,	43,	12,	170,	1,	12
170,	0,	10,	169,	42,	10
170,	0,	11,	169,	42,	11
170,	0,	12,	169,	42,	12
170,	34,	0,	171,	34,	18
170,	35,	0,	171,	35,	18
170,	36,	0,	171,	36,	18
171,	34,	19,	170,	34,	1
171,	35,	19,	170,	35,	1
171,	36,	19,	170,	36, 1
171,	3,	0,	172,	3,	13
171,	4,	0,	172,	4,	13
171,	5,	0,	172,	5,	13
172,	3,	14,	171,	3,	1
172,	4,	14,	171,	4,	1
172,	5,	14,	171,	5,	1

// // Tutorial
4716,	5,	16,	4715,	16,	6
4716,	6,	16,	4715,	17,	6
4716,	7,	16,	4715,	18,	6
4715,	16,	5,	4716,	5,	15
4715,	17,	5,	4716,	6,	15
4715,	18,	5,	4716,	7,	15

//Region 1

// // Island
1,	21,	50,	2,	7,	13
1,	22,	50,	2,	9,	13
1,	31,	47,	3,	7,	13
1,	32,	47,	3,	9,	13
1,	46,	24,	4,	7,	13
1,	47,	24,	4,	9,	13
2,	7,	14,	1,	21,	51
2,	8,	14,	1,	21,	51
2,	9,	14,	1,	22,	51
3,	7,	14,	1,	31,	48
3,	8,	14,	1,	31,	48
3,	9,	14,	1,	32,	48
4,	7,	14,	1,	46,	25
4,	8,	14,	1,	46,	25
4,	9,	14,	1,	47,	25

// // Island to cave
1,	31,	34,	5,	19,	2
5,	19,	1,	1,	31,	35

// // Cave
5,	6,	23,	6,	8,	1
5,	7,	23,	6,	8,	1
11,	8,	0,	5,	5,	22
11,	8,	14,	12,	8,	1
12,	7,	0,	11,	8,	13
12,	8,	0,	11,	8,	13
12,	9,	0,	11,	8,	13
23,	34,	18,	24,	34,	19
23,	35,	18,	24,	35,	19
24,	31,	5,	25,	31,	6
24,	32,	5,	25,	32,	6
24,	34,	18,	23,	34,	19
24,	35,	18,	23,	35,	19
25,	31,	5,	24,	31,	6
25,	32,	5,	24,	32,	6
25,	4,	2,	11,	8,	13
25,	5,	2,	11,	8,	13

// // Cave to Birdisland
12,	6,	59,	13,	16,	14
13,	16,	13,	12,	6,	58

//Region 2

// // Lumberjack

//Minefield to LumberJack
27,	9,	74,	15,	9,	1
27,	10,	74,	15,	10,	1

27,	21,	74,	15,	21,	1
27,	22,	74,	15,	22,	1
27,	23,	74,	15,	23,	1
27,	24,	74,	15,	24,	1

27,	42,	74,	15,	42,	1
27,	43,	74,	15,	43,	1
27,	44,	74,	15,	44,	1
27,	45,	74,	15,	45,	1
27,	46,	74,	15,	46,	1
27,	47,	74,	15,	47,	1
27,	48,	74,	15,	48,	1
27,	49,	74,	15,	49,	1
27,	50,	74,	15,	50,	1
27,	51,	74,	15,	51,	1
27,	52,	74,	15,	52,	1
27,	53,	74,	15,	53,	1
27,	54,	74,	15,	54,	1
27,	55,	74,	15,	55,	1
27,	56,	74,	15,	56,	1
27,	57,	74,	15,	57,	1
27,	58,	74,	15,	58,	1
27,	59,	74,	15,	59,	1
27,	60,	74,	15,	60,	1
27,	61,	74,	15,	61,	1
27,	62,	74,	15,	62,	1
27,	63,	74,	15,	63,	1
27,	64,	74,	15,	64,	1
27,	65,	74,	15,	65,	1
27,	66,	74,	15,	66,	1
27,	67,	74,	15,	67,	1
27,	68,	74,	15,	68,	1
27,	69,	74,	15,	69,	1
27,	70,	74,	15,	70,	1
27,	71,	74,	15,	71,	1
27,	72,	74,	15,	72,	1
27,	73,	74,	15,	73,	1

// // // Lumberjack to Minefield
15,	9,	0,	27,	9,	73
15,	10,	0,	27,	10,	73
15,	21,	0,	27,	21,	73
15,	22,	0,	27,	22,	73
15,	23,	0,	27,	23,	73
15,	24,	0,	27,	24,	73
15,	42,	0,	27,	42,	73
15,	43,	0,	27,	43,	73
15,	44,	0,	27,	44,	73
15,	45,	0,	27,	45,	73
15,	46,	0,	27,	46,	73
15,	47,	0,	27,	47,	73
15,	48,	0,	27,	48,	73
15,	49,	0,	27,	49,	73
15,	50,	0,	27,	50,	73
15,	51,	0,	27,	51,	73
15,	52,	0,	27,	52,	73
15,	53,	0,	27,	53,	73
15,	54,	0,	27,	54,	73
15,	55,	0,	27,	55,	73
15,	56,	0,	27,	56,	73
15,	57,	0,	27,	57,	73
15,	58,	0,	27,	58,	73
15,	59,	0,	27,	59,	73
15,	60,	0,	27,	60,	73
15,	61,	0,	27,	61,	73
15,	62,	0,	27,	62,	73
15,	63,	0,	27,	63,	73
15,	64,	0,	27,	64,	73
15,	65,	0,	27,	65,	73
15,	66,	0,	27,	66,	73
15,	67,	0,	27,	67,	73
15,	68,	0,	27,	68,	73
15,	69,	0,	27,	69,	73
15,	70,	0,	27,	70,	73
15,	71,	0,	27,	71,	73
15,	72,	0,	27,	72,	73
15,	73,	0,	27,	73,	73


// Lumberjack Town to Lumberjack
20,	16,	26,	15,	15,	26
20,	16,	27,	15,	15,	27
20,	32,	34,	15,	32,	35

// LumberJack Town to Inn
20,	29,	17,	16,	4,	18
20,	30,	17,	16,	5,	18

// Inn to LumberJack Town
16,	4,	19,	20,	29,	18
16,	5,	19,	20,	30,	18

// LumberJack Town to Berserker
20,	43,	26,	28,	3,	12

// Berserker to LumberJack Town
28,	3,	13,	20,	43,	27

// LumberJack Town to WYW
20,	39,	27,	18,	9,	12
20,	40,	27,	18,	10,	12

// WYW to Lumberjack Town
18,	9,	13,	20,	39,	28
18,	10,	13,	20,	40,	28

// Lumberjack to Carpenter
15,	59,	60,	14,	7,	12
15,	60,	60,	14,	8,	12

// Carpenter to Lumberjack
14,	7,	13,	15,	59,	61
14,	8,	13,	15,	60,	61

// Lumberjack to Lumberjack Town
15,	16,	26,	20,	17,	26
15,	16,	27,	20,	17,	27
15,	32,	34,	20,	32,	33

// Lumberjack to City
15,	29,	74,	40,	77,	1
15,	30,	74,	40,	78,	1
15,	31,	74,	40,	79,	1
15,	32,	74,	40,	80,	1

// City to Lumberjack
40,	77,	0,	15,	29,	73
40,	78,	0,	15,	30,	73
40,	79,	0,	15,	31,	73
40,	80,	0,	15,	32,	73


// // Berserker
28,	7,	0,	128,	7,	12
28,	8,	0,	128,	8,	12
28,	9,	0,	128,	9,	12
128,	7,	14,	28,	7,	2
128,	8,	14,	28,	8,	2
128,	9,	14,	28,	9,	2

// // Work Your Wood
18,	13,	10,	19,	11,	8
19,	11,	9,	18,	13,	9

// // Inn
16,	15,	19,	17,	8,	2
16,	16,	19,	17,	9,	2
17,	8,	1,	16,	15,	18
17,	9,	1,	16,	16,	18

// Ghostvalley
100,	6,	26,	101,	18,	23
100,	7,	26,	101,	19,	23
100,	13,	19,	104,	42,	7
100,	13,	20,	104,	43,	7
100,	48,	27,	106,	9,	31
100,	49,	27,	106,	10,	31
100,	46,	21,	111,	5,	4
100,	46,	22,	111,	4,	4
100,	40,	7,	112,	21,	15
100,	41,	7,	112,	22,	15
100,	32,	3,	113,	4,	17
100,	33,	3,	113,	5,	17
100,	33,	26,	114,	7,	25
100,	34,	26,	114,	8,	25
100,	30,	21,	115,	9,	13
100,	30,	22,	115,	10,	13
100,	2,	1,	116,	9,	28
100,	3,	1,	116,	10,	28
100,	39,	50,	117,	7,	4
100,	40,	50,	117,	8,	4
101,	18,	24,	100,	6,	27
101,	19,	24,	100,	7,	27
101,	12,	3,	102,	8,	9
101,	13,	3,	102,	9,	9
102,	8,	10,	101,	12,	4
102,	9,	10,	101,	13,	4
102,	5,	3,	103,	4,	16
102,	6,	3,	103,	5,	16
102,	11,	3,	103,	13,	16
102,	12,	3,	103,	14,	16
102,	17,	3,	103,	22,	16
102,	18,	3,	103,	23,	16
102,	30,	15,	104,	5,	12
102,	31,	15,	104,	6,	12
103,	4,	17,	102,	5,	4
103,	5,	17,	102,	6,	4
103,	13,	17,	102,	11,	4
103,	14,	17,	102,	12,	4
103,	22,	17,	102,	17,	4
103,	23,	17,	102,	18,	4
104,	5,	13,	102,	30,	16
104,	6,	13,	102,	31,	16
104,	34,	13,	105,	7,	14
104,	35,	13,	105,	8,	14
104,	42,	6,	100,	14,	19
104,	43,	6,	100,	14,	20
105,	7,	15,	104,	34,	14
105,	7,	15,	104,	35,	14
106,	9,	32,	100,	48,	28
106,	10,	32,	100,	49,	28
106,	17,	6,	107,	17,	13
106,	18,	6,	107,	18,	13
106,	6,	3,	108,	2,	10
106,	7,	3,	108,	3,	10
107,	17,	14,	106,	17,	7
107,	18,	14,	106,	18,	7
108,	2,	11,	106,	6,	4
108,	3,	11,	106,	7,	4
108,	10,	27,	109,	4,	20
108,	11,	27,	109,	5,	20
108,	14,	39,	109,	15,	33
108,	15,	39,	109,	16,	33
108,	2,	36,	110,	5,	18
108,	3,	36,	110,	6,	18
109,	4,	21,	108,	10,	28
109,	5,	21,	108,	11,	28
109,	15,	34,	108,	14,	40
109,	16,	34,	108,	15,	40
109,	15,	3,	111,	13,	15
109,	16,	3,	111,	14,	15
110,	5,	19,	108,	2,	37
110,	6,	19,	108,	3,	37
111,	13,	16,	109,	15,	4
111,	14,	16,	109,	16,	4
111,	4,	3,	100,	45,	22
111,	5,	3,	100,	45,	21
112,	3,	3,	113,	19,	9
112,	4,	3,	113,	20,	9
112,	21,	16,	100,	40,	8
112,	22,	16,	100,	41,	8
112,	40,	7,	113,	19,	9
112,	41,	7,	113,	20,	9
113,	19,	10,	112,	3,	4
113,	20,	10,	112,	4,	4
113,	4,	18,	100,	32,	4
113,	5,	18,	100,	33,	4
114,	7,	26,	100,	33,	27
114,	8,	26,	100,	34,	27
114,	12,	3,	115,	17,	12
114,	13,	3,	115,	18,	12
115,	17,	13,	114,	12,	4
115,	18,	13,	114,	13,	4
115,	9,	12,	100,	30,	22
115,	10,	12,	100,	30,	21
116,	9,	29,	100,	2,	2
116,	10,	29,	100,	3,	2
117,	7,	3,	100,	39,	49
117,	8,	3,	100,	40,	49

// Minefield to Mysterious Cave
27,	51,	52,	215,	6,	13
27,	52,	52,	215,	7,	13

// Mysterious Cave to Minefield
215,	6,	14,	27,	51,	53
215,	7,	14,	27,	52,	53

// Minefield to mine_town
27, 48,	16,	29,	23,	48
27,	49,	16,	29,	24,	48
27,	51,	16,	29,	26,	48
27,	52,	16,	29,	27,	48
29,	23,	49,	27,	48,	17
29,	24,	49,	27,	49,	17
29,	26,	49,	27,	51,	17
29,	27,	49,	27,	52,	17

// Minefield to Astromancer
27,	12,	0,	131,	7,	23
27,	13,	0,	131,	8,	23
131,	7,	24,	27,	12,	1
131,	8,	24,	27,	13,	1

// Mine to mine_area_1
27,	32,	6,	96,	24,	48
96,	24,	49,	27,	32,	7
96,	25,	49,	27,	32,	7

//Minefield to Shipwrecked Shore
27,	0,	36,	9,	54,	11
27,	0,	37,	9,	54,	12
27,	0,	38,	9,	54,	13
27,	0,	39,	9,	54,	14

//Minefield to Serpent
27,	33,	70,	232,	2,	9
27,	34,	70,	232,	3,	9
232,	2,	8,	27,	33,	69
232,	3,	8,	27,	34,	69

//Serpent entrance to Serpent 1
232,	9,	4,	233,	15,	23
233,	14,	24,	232,	9,	5
233,	15,	24,	232,	9,	5

//Serpent 1 to Serpent 2
233,	17,	0,	234,	17,	33
233,	18,	0,	234,	18,	33
233,	19,	0,	234,	19,	33
233,	20,	0,	234,	20,	33
234,	17,	34,	233,	17,	1
234,	18,	34,	233,	18,	1
234,	19,	34,	233,	19,	1
234,	20,	34,	233,	20,	1

//Serpent 2 to Serpent 3
234,	34,	5,	235,	1,	34
234,	34,	6,	235,	1,	35
235,	0,	34,	234,	33,	5
235,	0,	35,	234,	33,	6

//Serpent 3 to Serpent 4
235,	39,	4,	236,	1,	34
235,	39,	5,	236,	1,	35
236,	0,	34,	235,	38,	4
236,	0,	35,	235,	38,	5

//Serpent 4 to Serpent 5
236,	15,	0,	237,	15,	45
236,	16,	0,	237,	16,	45
236,	17,	0,	237,	17,	45
237,	15,	46,	236,	15,	1
237,	16,	46,	236,	16,	1
237,	17,	46,	236,	17,	1

//Serpent 5 to Serpent 6
237,	39,	39,	238,	1,	39
237,	39,	40,	238,	1,	40
237,	39,	29,	238,	1,	29
237,	39,	30,	238,	1,	30
237,	39,	31,	238,	1,	31
237,	39,	32,	238,	1,	32
237,	39,	33,	238,	1,	33
237,	39,	14,	238,	1,	14
237,	39,	15,	238,	1,	15
237,	39,	2,	238,	1,	2
237,	39,	3,	238,	1,	3
238,	0,	39,	237,	38,	39
238,	0,	40,	237,	38,	40
238,	0,	29,	237,	38,	29
238,	0,	30,	237,	38,	30
238,	0,	31,	237,	38,	31
238,	0,	32,	237,	38,	32
238,	0,	33,	237,	38,	33
238,	0,	14,	237,	38,	14
238,	0,	15,	237,	38,	15
238,	0,	2,	237,	38,	2
238,	0,	3,	237,	38,	3

//Serpent 5 to Serpent 7
237,	0,	6,	239,	48,	6
237,	0,	7,	239,	48,	7
237,	0,	17,	239,	48,	17
237,	0,	18,	239,	48,	18
237,	0,	26,	239,	48,	26
237,	0,	27,	239,	48,	27
237,	0,	28,	239,	48,	28
237,	0,	29,	239,	48,	29
237,	0,	30,	239,	48,	30
237,	0,	31,	239,	48,	31
237,	0,	32,	239,	48,	32
239,	49,	6,	237,	1,	6
239,	49,	7,	237,	1,	7
239,	49,	17,	237,	1,	17
239,	49,	18,	237,	1,	18
239,	49,	26,	237,	1,	26
239,	49,	27,	237,	1,	27
239,	49,	28,	237,	1,	28
239,	49,	29,	237,	1,	29
239,	49,	30,	237,	1,	30
239,	49,	31,	237,	1,	31
239,	49,	32,	237,	1,	32

//Serpennt 5 to Serpent 8 Boss room
237,	16,	0,	240,	16,	23
237,	17,	0,	240,	17,	23
237,	18,	0,	240,	18,	23
240,	16,	24,	237,	16,	1
240,	17,	24,	237,	17,	1
240,	18,	24,	237,	18,	1

//Minefield to Squirrel1
27,	19,	27,	228,	7,	28
27,	20,	27,	228,	8,	28
228,	7,	29,	27,	19,	28
228,	8,	29,	27,	20,	28

//Squirrel1 to Squirrel2
228,	15,	0,	229,	15,	30
228,	16,	0,	229,	16,	30
229,	15,	31,	228,	15,	1
229,	16,	31,	228,	16,	1

//Squirrel2 to Squirrel3
229,	4,	0,	230,	4,	33
229,	5,	0,	230,	5,	33
230,	4,	34,	229,	4,	1
230,	5,	34,	229,	5,	1

//Squirrel3 to Squirrel4
230,	16,	0,	231,	16,	28
230,	17,	0,	231,	17,	28
231,	16,	29,	230,	16,	1
231,	17,	29,	230,	17,	1

//Minefield to Wacky Mountains
27,	74,	1,	176,	1,	1
27,	74,	2,	176,	1,	2
27,	74,	3,	176,	1,	3
27,	74,	4,	176,	1,	4
27,	74,	5,	176,	1,	5
27,	74,	6,	176,	1,	6
27,	74,	7,	176,	1,	7
27,	74,	8,	176,	1,	8
27,	74,	9,	176,	1,	9
27,	74,	10,	176,	1,	10
27,	74,	11,	176,	1,	11
27,	74,	12,	176,	1,	12
27,	74,	13,	176,	1,	13
27,	74,	14,	176,	1,	14
27,	74,	15,	176,	1,	15
27,	74,	16,	176,	1,	16
27,	74,	17,	176,	1,	17
27,	74,	18,	176,	1,	18
27,	74,	19,	176,	1,	19
27,	74,	20,	176,	1,	20
27,	74,	21,	176,	1,	21
27,	74,	22,	176,	1,	22
27,	74,	23,	176,	1,	23
27,	74,	24,	176,	1,	24
27,	74,	25,	176,	1,	25
27,	74,	26,	176,	1,	26
27,	74,	27,	176,	1,	27
27,	74,	28,	176,	1,	28
27,	74,	29,	176,	1,	29
27,	74,	30,	176,	1,	30
27,	74,	31,	176,	1,	31
27,	74,	32,	176,	1,	32
27,	74,	45,	176,	1,	45
27,	74,	46,	176,	1,	46
27,	74,	47,	176,	1,	47
27,	74,	48,	176,	1,	48
27,	74,	49,	176,	1,	49
27,	74,	50,	176,	1,	50
27,	74,	51,	176,	1,	51
27,	74,	52,	176,	1,	52
27,	74,	53,	176,	1,	53
27,	74,	61,	176,	1,	61
27,	74,	62,	176,	1,	62
27,	74,	63,	176,	1,	63
27,	74,	64,	176,	1,	64
27,	74,	65,	176,	1,	65
27,	74,	66,	176,	1,	66
27,	74,	67,	176,	1,	67
27,	74,	68,	176,	1,	68
27,	74,	69,	176,	1,	69
27,	74,	70,	176,	1,	70
27,	74,	71,	176,	1,	71
27,	74,	72,	176,	1,	72
27,	74,	73,	176,	1,	73
176,	0,	1,	27,	73,	1
176,	0,	2,	27,	73,	2
176,	0,	3,	27,	73,	3
176,	0,	4,	27,	73,	4
176,	0,	5,	27,	73,	5
176,	0,	6,	27,	73,	6
176,	0,	7,	27,	73,	7
176,	0,	8,	27,	73,	8
176,	0,	9,	27,	73,	9
176,	0,	10,	27,	73,	10
176,	0,	11,	27,	73,	11
176,	0,	12,	27,	73,	12
176,	0,	13,	27,	73,	13
176,	0,	14,	27,	73,	14
176,	0,	15,	27,	73,	15
176,	0,	16,	27,	73,	16
176,	0,	17,	27,	73,	17
176,	0,	18,	27,	73,	18
176,	0,	19,	27,	73,	19
176,	0,	20,	27,	73,	20
176,	0,	21,	27,	73,	21
176,	0,	22,	27,	73,	22
176,	0,	23,	27,	73,	23
176,	0,	24,	27,	73,	24
176,	0,	25,	27,	73,	25
176,	0,	26,	27,	73,	26
176,	0,	27,	27,	73,	27
176,	0,	28,	27,	73,	28
176,	0,	29,	27,	73,	29
176,	0,	30,	27,	73,	30
176,	0,	31,	27,	73,	31
176,	0,	32,	27,	73,	32
176,	0,	45,	27,	73,	45
176,	0,	46,	27,	73,	46
176,	0,	47,	27,	73,	47
176,	0,	48,	27,	73,	48
176,	0,	49,	27,	73,	49
176,	0,	50,	27,	73,	50
176,	0,	51,	27,	73,	51
176,	0,	52,	27,	73,	52
176,	0,	53,	27,	73,	53
176,	0,	61,	27,	73,	61
176,	0,	62,	27,	73,	62
176,	0,	63,	27,	73,	63
176,	0,	64,	27,	73,	64
176,	0,	65,	27,	73,	65
176,	0,	66,	27,	73,	66
176,	0,	67,	27,	73,	67
176,	0,	68,	27,	73,	68
176,	0,	69,	27,	73,	69
176,	0,	70,	27,	73,	70
176,	0,	71,	27,	73,	71
176,	0,	72,	27,	73,	72
176,	0,	73,	27,	73,	73

//Wacky mountains to Into The Night
176,	73,	10,	117,	8,	13
176,	74,	10,	117,	9,	13
117,	8,	14,	176,	73,	11
117,	9,	14,	176,	74,	11

//Mithian beach to Wacky Mountains
175,	1,	0,	176,	1,	73
175,	2,	0,	176,	2,	73
175,	3,	0,	176,	3,	73
175,	4,	0,	176,	4,	73
175,	5,	0,	176,	5,	73
175,	6,	0,	176,	6,	73
175,	7,	0,	176,	7,	73
175,	8,	0,	176,	8,	73
175,	9,	0,	176,	9,	73
175,	10,	0,	176,	10,	73
175,	11,	0,	176,	11,	73
175,	12,	0,	176,	12,	73
175,	13,	0,	176,	13,	73
175,	14,	0,	176,	14,	73
175,	15,	0,	176,	15,	73
175,	16,	0,	176,	16,	73
175,	17,	0,	176,	17,	73
175,	18,	0,	176,	18,	73
175,	19,	0,	176,	19,	73
175,	20,	0,	176,	20,	73
175,	21,	0,	176,	21,	73
175,	22,	0,	176,	22,	73
175,	23,	0,	176,	23,	73
175,	24,	0,	176,	24,	73
175,	25,	0,	176,	25,	73
175,	26,	0,	176,	26,	73
175,	27,	0,	176,	27,	73
175,	28,	0,	176,	28,	73
175,	29,	0,	176,	29,	73
175,	30,	0,	176,	30,	73
175,	31,	0,	176,	31,	73
175,	32,	0,	176,	32,	73
175,	33,	0,	176,	33,	73
175,	34,	0,	176,	34,	73
175,	35,	0,	176,	35,	73
175,	36,	0,	176,	36,	73
175,	37,	0,	176,	37,	73
175,	38,	0,	176,	38,	73
175,	39,	0,	176,	39,	73
175,	40,	0,	176,	40,	73
175,	41,	0,	176,	41,	73
175,	42,	0,	176,	42,	73
175,	43,	0,	176,	43,	73
175,	44,	0,	176,	44,	73
175,	45,	0,	176,	45,	73
175,	46,	0,	176,	46,	73
175,	47,	0,	176,	47,	73
175,	48,	0,	176,	48,	73
175,	49,	0,	176,	49,	73
175,	50,	0,	176,	50,	73
175,	51,	0,	176,	51,	73
175,	52,	0,	176,	52,	73
175,	53,	0,	176,	53,	73
175,	54,	0,	176,	54,	73
175,	55,	0,	176,	55,	73
175,	56,	0,	176,	56,	73
175,	57,	0,	176,	57,	73
175,	58,	0,	176,	58,	73
175,	59,	0,	176,	59,	73
176,	1,	74,	175,	1,	1
176,	2,	74,	175,	2,	1
176,	3,	74,	175,	3,	1
176,	4,	74,	175,	4,	1
176,	5,	74,	175,	5,	1
176,	6,	74,	175,	6,	1
176,	7,	74,	175,	7,	1
176,	8,	74,	175,	8,	1
176,	9,	74,	175,	9,	1
176,	10,	74,	175,	10,	1
176,	11,	74,	175,	11,	1
176,	12,	74,	175,	12,	1
176,	13,	74,	175,	13,	1
176,	14,	74,	175,	14,	1
176,	15,	74,	175,	15,	1
176,	16,	74,	175,	16,	1
176,	17,	74,	175,	17,	1
176,	18,	74,	175,	18,	1
176,	19,	74,	175,	19,	1
176,	20,	74,	175,	20,	1
176,	21,	74,	175,	21,	1
176,	22,	74,	175,	22,	1
176,	23,	74,	175,	23,	1
176,	24,	74,	175,	24,	1
176,	25,	74,	175,	25,	1
176,	26,	74,	175,	26,	1
176,	27,	74,	175,	27,	1
176,	28,	74,	175,	28,	1
176,	29,	74,	175,	29,	1
176,	30,	74,	175,	30,	1
176,	31,	74,	175,	31,	1
176,	32,	74,	175,	32,	1
176,	33,	74,	175,	33,	1
176,	34,	74,	175,	34,	1
176,	35,	74,	175,	35,	1
176,	36,	74,	175,	36,	1
176,	37,	74,	175,	37,	1
176,	38,	74,	175,	38,	1
176,	39,	74,	175,	39,	1
176,	40,	74,	175,	40,	1
176,	41,	74,	175,	41,	1
176,	42,	74,	175,	42,	1
176,	43,	74,	175,	43,	1
176,	44,	74,	175,	44,	1
176,	45,	74,	175,	45,	1
176,	46,	74,	175,	46,	1
176,	47,	74,	175,	47,	1
176,	48,	74,	175,	48,	1
176,	49,	74,	175,	49,	1
176,	50,	74,	175,	50,	1
176,	51,	74,	175,	51,	1
176,	52,	74,	175,	52,	1
176,	53,	74,	175,	53,	1
176,	54,	74,	175,	54,	1
176,	55,	74,	175,	55,	1
176,	56,	74,	175,	56,	1
176,	57,	74,	175,	57,	1
176,	58,	74,	175,	58,	1
176,	59,	74,	175,	59,	1

//Wishy Washy to Mithian beach
98,	1,	0,	175,	1,	73
98,	2,	0,	175,	2,	73
98,	3,	0,	175,	3,	73
98,	4,	0,	175,	4,	73
98,	5,	0,	175,	5,	73
98,	6,	0,	175,	6,	73
98,	7,	0,	175,	7,	73
98,	8,	0,	175,	8,	73
98,	9,	0,	175,	9,	73
98,	10,	0,	175,	10,	73
98,	11,	0,	175,	11,	73
98,	12,	0,	175,	12,	73
98,	13,	0,	175,	13,	73
98,	14,	0,	175,	14,	73
98,	15,	0,	175,	15,	73
98,	16,	0,	175,	16,	73
98,	17,	0,	175,	17,	73
98,	18,	0,	175,	18,	73
98,	19,	0,	175,	19,	73
98,	20,	0,	175,	20,	73
98,	21,	0,	175,	21,	73
98,	22,	0,	175,	22,	73
98,	23,	0,	175,	23,	73
98,	24,	0,	175,	24,	73
98,	25,	0,	175,	25,	73
98,	26,	0,	175,	26,	73
98,	27,	0,	175,	27,	73
98,	28,	0,	175,	28,	73
98,	29,	0,	175,	29,	73
98,	30,	0,	175,	30,	73
98,	31,	0,	175,	31,	73
98,	32,	0,	175,	32,	73
98,	33,	0,	175,	33,	73
98,	34,	0,	175,	34,	73
98,	35,	0,	175,	35,	73
98,	36,	0,	175,	36,	73
98,	37,	0,	175,	37,	73
98,	38,	0,	175,	38,	73
98,	39,	0,	175,	39,	73
98,	40,	0,	175,	40,	73
98,	41,	0,	175,	41,	73
98,	42,	0,	175,	42,	73
98,	43,	0,	175,	43,	73
98,	44,	0,	175,	44,	73
175,	1,	74,	98,	1,	1
175,	2,	74,	98,	2,	1
175,	3,	74,	98,	3,	1
175,	4,	74,	98,	4,	1
175,	5,	74,	98,	5,	1
175,	6,	74,	98,	6,	1
175,	7,	74,	98,	7,	1
175,	8,	74,	98,	8,	1
175,	9,	74,	98,	9,	1
175,	10,	74,	98,	10,	1
175,	11,	74,	98,	11,	1
175,	12,	74,	98,	12,	1
175,	13,	74,	98,	13,	1
175,	14,	74,	98,	14,	1
175,	15,	74,	98,	15,	1
175,	16,	74,	98,	16,	1
175,	17,	74,	98,	17,	1
175,	18,	74,	98,	18,	1
175,	19,	74,	98,	19,	1
175,	20,	74,	98,	20,	1
175,	21,	74,	98,	21,	1
175,	22,	74,	98,	22,	1
175,	23,	74,	98,	23,	1
175,	24,	74,	98,	24,	1
175,	25,	74,	98,	25,	1
175,	26,	74,	98,	26,	1
175,	27,	74,	98,	27,	1
175,	28,	74,	98,	28,	1
175,	29,	74,	98,	29,	1
175,	30,	74,	98,	30,	1
175,	31,	74,	98,	31,	1
175,	32,	74,	98,	32,	1
175,	33,	74,	98,	33,	1
175,	34,	74,	98,	34,	1
175,	35,	74,	98,	35,	1
175,	36,	74,	98,	36,	1
175,	37,	74,	98,	37,	1
175,	38,	74,	98,	38,	1
175,	39,	74,	98,	39,	1
175,	40,	74,	98,	40,	1
175,	41,	74,	98,	41,	1
175,	42,	74,	98,	42,	1
175,	43,	74,	98,	43,	1
175,	44,	74,	98,	44,	1

//Mithian woods to Mithian beach
15,	74,	1,	175,	1,	1
15,	74,	2,	175,	1,	2
15,	74,	3,	175,	1,	3
15,	74,	4,	175,	1,	4
15,	74,	5,	175,	1,	5
15,	74,	6,	175,	1,	6
15,	74,	7,	175,	1,	7
15,	74,	8,	175,	1,	8
15,	74,	9,	175,	1,	9
15,	74,	10,	175,	1,	10
15,	74,	11,	175,	1,	11
15,	74,	12,	175,	1,	12
15,	74,	13,	175,	1,	13
15,	74,	14,	175,	1,	14
15,	74,	15,	175,	1,	15
15,	74,	16,	175,	1,	16
15,	74,	17,	175,	1,	17
15,	74,	18,	175,	1,	18
15,	74,	19,	175,	1,	19
15,	74,	20,	175,	1,	20
15,	74,	21,	175,	1,	21
15,	74,	22,	175,	1,	22
15,	74,	23,	175,	1,	23
15,	74,	24,	175,	1,	24
15,	74,	25,	175,	1,	25
15,	74,	26,	175,	1,	26
15,	74,	27,	175,	1,	27
15,	74,	28,	175,	1,	28
15,	74,	29,	175,	1,	29
15,	74,	30,	175,	1,	30
15,	74,	31,	175,	1,	31
15,	74,	32,	175,	1,	32
15,	74,	33,	175,	1,	33
15,	74,	34,	175,	1,	34
15,	74,	35,	175,	1,	35
15,	74,	36,	175,	1,	36
15,	74,	37,	175,	1,	37
15,	74,	38,	175,	1,	38
15,	74,	39,	175,	1,	39
15,	74,	40,	175,	1,	40
15,	74,	41,	175,	1,	41
15,	74,	42,	175,	1,	42
15,	74,	43,	175,	1,	43
15,	74,	44,	175,	1,	44
15,	74,	45,	175,	1,	45
15,	74,	46,	175,	1,	46
15,	74,	47,	175,	1,	47
15,	74,	48,	175,	1,	48
15,	74,	49,	175,	1,	49
15,	74,	50,	175,	1,	50
15,	74,	51,	175,	1,	51
15,	74,	52,	175,	1,	52
15,	74,	53,	175,	1,	53
15,	74,	54,	175,	1,	54
15,	74,	55,	175,	1,	55
15,	74,	56,	175,	1,	56
15,	74,	57,	175,	1,	57
15,	74,	58,	175,	1,	58
15,	74,	59,	175,	1,	59
15,	74,	60,	175,	1,	60
15,	74,	61,	175,	1,	61
15,	74,	62,	175,	1,	62
15,	74,	63,	175,	1,	63
15,	74,	64,	175,	1,	64
15,	74,	65,	175,	1,	65
15,	74,	66,	175,	1,	66
15,	74,	67,	175,	1,	67
15,	74,	68,	175,	1,	68
15,	74,	69,	175,	1,	69
15,	74,	70,	175,	1,	70
15,	74,	71,	175,	1,	71
15,	74,	72,	175,	1,	72
15,	74,	73,	175,	1,	73
175,	0,	1,	15,	73,	1
175,	0,	2,	15,	73,	2
175,	0,	3,	15,	73,	3
175,	0,	4,	15,	73,	4
175,	0,	5,	15,	73,	5
175,	0,	6,	15,	73,	6
175,	0,	7,	15,	73,	7
175,	0,	8,	15,	73,	8
175,	0,	9,	15,	73,	9
175,	0,	10,	15,	73,	10
175,	0,	11,	15,	73,	11
175,	0,	12,	15,	73,	12
175,	0,	13,	15,	73,	13
175,	0,	14,	15,	73,	14
175,	0,	15,	15,	73,	15
175,	0,	16,	15,	73,	16
175,	0,	17,	15,	73,	17
175,	0,	18,	15,	73,	18
175,	0,	19,	15,	73,	19
175,	0,	20,	15,	73,	20
175,	0,	21,	15,	73,	21
175,	0,	22,	15,	73,	22
175,	0,	23,	15,	73,	23
175,	0,	24,	15,	73,	24
175,	0,	25,	15,	73,	25
175,	0,	26,	15,	73,	26
175,	0,	27,	15,	73,	27
175,	0,	28,	15,	73,	28
175,	0,	29,	15,	73,	29
175,	0,	30,	15,	73,	30
175,	0,	31,	15,	73,	31
175,	0,	32,	15,	73,	32
175,	0,	33,	15,	73,	33
175,	0,	34,	15,	73,	34
175,	0,	35,	15,	73,	35
175,	0,	36,	15,	73,	36
175,	0,	37,	15,	73,	37
175,	0,	38,	15,	73,	38
175,	0,	39,	15,	73,	39
175,	0,	40,	15,	73,	40
175,	0,	41,	15,	73,	41
175,	0,	42,	15,	73,	42
175,	0,	43,	15,	73,	43
175,	0,	44,	15,	73,	44
175,	0,	45,	15,	73,	45
175,	0,	46,	15,	73,	46
175,	0,	47,	15,	73,	47
175,	0,	48,	15,	73,	48
175,	0,	49,	15,	73,	49
175,	0,	50,	15,	73,	50
175,	0,	51,	15,	73,	51
175,	0,	52,	15,	73,	52
175,	0,	53,	15,	73,	53
175,	0,	54,	15,	73,	54
175,	0,	55,	15,	73,	55
175,	0,	56,	15,	73,	56
175,	0,	57,	15,	73,	57
175,	0,	58,	15,	73,	58
175,	0,	59,	15,	73,	59
175,	0,	60,	15,	73,	60
175,	0,	61,	15,	73,	61
175,	0,	62,	15,	73,	62
175,	0,	63,	15,	73,	63
175,	0,	64,	15,	73,	64
175,	0,	65,	15,	73,	65
175,	0,	66,	15,	73,	66
175,	0,	67,	15,	73,	67
175,	0,	68,	15,	73,	68
175,	0,	69,	15,	73,	69
175,	0,	70,	15,	73,	70
175,	0,	71,	15,	73,	71
175,	0,	72,	15,	73,	72
175,	0,	73,	15,	73,	73

//Shipwrecked Shore to Minefeild
9,	55,	11,	27,	1,	36
9,	55,	12,	27,	1,	37
9,	55,	13,	27,	1,	38
9,	55,	14,	27,	1,	39

// Mine to mine_passage
97,	5,	29,	27,	18,	6
97,	6,	29,	27,	19,	6
27,	18,	5,	97,	5,	28
27,	19,	5,	97,	6,	28
97,	18,	29,	29,	22,	16
97,	19,	29,	29,	23,	16
29,	22,	15,	97,	18,	28
29,	23,	15,	97,	19,	28

// Shepherd to Lumberjack
30,	74,	11,	15,	1,	11
30,	74,	12,	15,	1,	12
30,	74,	13,	15,	1,	13
30,	74,	14,	15,	1,	14
30,	74,	15,	15,	1,	15
30,	74,	16,	15,	1,	16
30,	74,	17,	15,	1,	17
30,	74,	18,	15,	1,	18
30,	74,	31,	15,	1,	31
30,	74,	32,	15,	1,	32
30,	74,	33,	15,	1,	33
30,	74,	34,	15,	1,	34
30,	74,	35,	15,	1,	35
30,	74,	36,	15,	1,	36
30,	74,	37,	15,	1,	37
30,	74,	38,	15,	1,	38
30,	74,	39,	15,	1,	39
30,	74,	40,	15,	1,	40
30,	74,	41,	15,	1,	41
30,	74,	42,	15,	1,	42
30,	74,	43,	15,	1,	43
30,	74,	44,	15,	1,	44
30,	74,	45,	15,	1,	45
30,	74,	46,	15,	1,	46
30,	74,	47,	15,	1,	47
30,	74,	48,	15,	1,	48
30,	74,	49,	15,	1,	49
30,	74,	50,	15,	1,	50
30,	74,	51,	15,	1,	51
30,	74,	52,	15,	1,	52
30,	74,	53,	15,	1,	53
30,	74,	54,	15,	1,	54
30,	74,	55,	15,	1,	55
30,	74,	56,	15,	1,	56
30,	74,	57,	15,	1,	57
30,	74,	58,	15,	1,	58
30,	74,	59,	15,	1,	59
30,	74,	60,	15,	1,	60
30,	74,	61,	15,	1,	61
30,	74,	62,	15,	1,	62
30,	74,	63,	15,	1,	63
30,	74,	64,	15,	1,	64
30,	74,	65,	15,	1,	65
30,	74,	66,	15,	1,	66
30,	74,	67,	15,	1,	67
30,	74,	68,	15,	1,	68
30,	74,	69,	15,	1,	69
30,	74,	70,	15,	1,	70
30,	74,	71,	15,	1,	71
30,	74,	72,	15,	1,	72
30,	74,	73,	15,	1,	73
30,	74,	74,	15,	1,	74

// Lumberjack to Shepherd
15,	0,	11,	30,	73,	11
15,	0,	12,	30,	73,	12
15,	0,	13,	30,	73,	13
15,	0,	14,	30,	73,	14
15,	0,	15,	30,	73,	15
15,	0,	16,	30,	73,	16
15,	0,	17,	30,	73,	17
15,	0,	18,	30,	73,	18
15,	0,	31,	30,	73,	31
15,	0,	32,	30,	73,	32
15,	0,	33,	30,	73,	33
15,	0,	34,	30,	73,	34
15,	0,	35,	30,	73,	35
15,	0,	36,	30,	73,	36
15,	0,	37,	30,	73,	37
15,	0,	38,	30,	73,	38
15,	0,	39,	30,	73,	39
15,	0,	40,	30,	73,	40
15,	0,	41,	30,	73,	41
15,	0,	42,	30,	73,	42
15,	0,	43,	30,	73,	43
15,	0,	44,	30,	73,	44
15,	0,	45,	30,	73,	45
15,	0,	46,	30,	73,	46
15,	0,	47,	30,	73,	47
15,	0,	48,	30,	73,	48
15,	0,	49,	30,	73,	49
15,	0,	50,	30,	73,	50
15,	0,	51,	30,	73,	51
15,	0,	52,	30,	73,	52
15,	0,	53,	30,	73,	53
15,	0,	54,	30,	73,	54
15,	0,	55,	30,	73,	55
15,	0,	56,	30,	73,	56
15,	0,	57,	30,	73,	57
15,	0,	58,	30,	73,	58
15,	0,	59,	30,	73,	59
15,	0,	60,	30,	73,	60
15,	0,	61,	30,	73,	61
15,	0,	62,	30,	73,	62
15,	0,	63,	30,	73,	63
15,	0,	64,	30,	73,	64
15,	0,	65,	30,	73,	65
15,	0,	66,	30,	73,	66
15,	0,	67,	30,	73,	67
15,	0,	68,	30,	73,	68
15,	0,	69,	30,	73,	69
15,	0,	70,	30,	73,	70
15,	0,	71,	30,	73,	71
15,	0,	72,	30,	73,	72
15,	0,	73,	30,	73,	73
15,	0,	74,	30,	73,	74


//Shipwrecked Shore to Shepherd
9,	15,	49,	30,	34,	1
9,	16,	49,	30,	35,	1
9,	17,	49,	30,	36,	1
9,	18,	49,	30,	37,	1

// Shepherd to Shipwrecked Shore
30,	34,	0,	9,	15,	48
30,	35,	0,	9,	16,	48
30,	36,	0,	9,	17,	48
30,	37,	0,	9,	18,	48

// Shepherd Town to Shepherd
31,	29,	8,	30,	30,	8
31,	29,	9,	30,	30,	9
31,	29,	10,	30,	30,	10
31,	12,	22,	30,	12,	23
31,	13,	22,	30,	13,	23

// Shepherd Town to Old House
31,	3,	18,	137,	5,	13
31,	4,	18,	137,	6,	13

// Old House to Shepherd Town
137,	5,	14,	31,	3,	19
137,	6,	14,	31,	4,	19

// Shepherd Town to Inn
31,	5,	9,	136,	9,	13
31,	6,	9,	136,	10,	13
31,	8,	9,	136,	18,	13
31,	9,	9,	136,	19,	13

//Inn to Shepherd Town
136,	9,	14,	31,	5,	10
136,	10,	14,	31,	6,	10
136,	18,	14,	31,	8,	10
136,	19,	14,	31,	9,	10

// Shepherd Town to Tailor
31,	18,	7,	22,	7,	12
31,	19,	7,	22,	8,	12

// Tailor to Shepherd Town
22,	7,	13,	31,	18,	8
22,	8,	13,	31,	19,	8

// Shepherd to Shepherd Town
30,	29,	8,	31,	28,	8
30,	29,	9,	31,	28,	9
30,	29,	10,	31,	28,	10
30,	12,	22,	31,	12,	21
30,	13,	22,	31,	13,	21

// Shepherd to Tranquil
30,	21,	37,	132,	10,	16

// Tranquil to Shepherd
132,	10,	17,	30,	21,	38
132,	11,	17,	30,	21,	38

//shepton test house
//31,	3,	58,	6100,	8,	13
//31,	4,	58,	6100,	9,	13
//6100,	8,	14,	31,	3,	59
//6100,	9,	14,	31,	4,	59


// Rat Cave

// //Rat Cave to capital
50,	13,	6,	40,	101,	11

// //Capital to Rat Cave
40,	101,	12,	50,	13,	7
40,	102,	12,	50,	13,	7

// //Room 1 <-> Room 2
50,	8,	2,	53,	9,	53	
53,	8,	54,	50,	7,	3
53,	9,	54,	50,	8,	3
53,	10,	54,	50,	9,	3

// // Room 2 <-> Room 3
//51,	3,	1,	52,	45,	16
//51,	4,	1,	52,	46,	16
//52,	45,	17,	51,	3,	2
//52,	46,	17,	51,	4,	2

// // Room 2 <-> Room 3
//52,	25,	2,	53,	8,	53
//52,	26,	2,	53,	9,	53
//52,	27,	2,	53,	10,	53
//53,	8,	54,	52,	25,	3
//53,	9,	54,	52,	26,	3
//53,	10,	54,	52,	27,	3

// // Room 3 <-> Room 4
53,	0,	14,	54,	22,	11	
53,	0,	15,	54,	22,	12
54,	23,	11,	53,	1,	14
54,	23,	12,	53,	1,	15

// // Room 4 <-> Room 5
54,	2,	2,	55,	13,	17
54,	3,	2,	55,	14,	17
55,	13,	18,	54,	2,	3
55,	14,	18,	54,	3,	3

// // Room 5 <-> Room 6
55,	0,	12,	56,	17,	19
55,	0,	13,	56,	17,	20
56,	18,	19,	55,	1,	12
56,	18,	20,	55,	1,	13

// Capital

//Court House
40,	108,	32,	219,	9,	17
40,	109,	32,	219,	9,	17
219,	8,	18,	40,	108,	33
219,	9,	18,	40,	108,	33
219,	10,	18,	40,	109,	33

//North Guard House
6003,	11,	14,	40,	107,	18
6003,	12,	14,	40,	108,	18
6003,	3,	4,	6005,	11,	12
6003,	4,	4,	6005,	12,	12
6005,	11,	13,	6003,	3,	5
6005,	12,	13,	6003,	4,	5

//Library
40,	53,	87,	42,	9,	18
40,	54,	87,	42,	10,	18
42,	9,	19,	40,	53,	88
42,	10,	19,	40,	54,	88
126,	9,	14,	42,	9,	2
126,	10,	14,	42,	10,	2
42,	9,	1,	126,	9,	13
42,	10,	1, 	126,	10,	13
126,	7,	1,	33,	7,	27
126,	8,	1,	33,	8,	27
126,	9,	1,	33,	9,	27
33,	7,	28,	126,	7,	3
33,	8,	28,	126,	8,	3
33,	9,	28,	126,	9,	3

// West Tavern
//40,	19,	61,	43,	3,	13
//40,	24,	64,	44,	4,	13
//40,	26,	64,	44,	11,	13
//43,	3,	14,	40,	19,	62
//43,	4,	14,	40,	19,	62
//43,	11,	14,	44,	4,	1
//43,	12,	14,	44,	5,	1
//44,	4,	0,	43,	11,	13
//44,	5,	0,	43,	12,	13
//44,	4,	14,	40,	24,	65
//44,	5,	14,	40,	24,	65
//44,	11,	14,	40,	26,	65
//44,	12,	14,	40,	26,	65



//East Tavern
40,	129,	39,	45,	3,	13
40,	134,	42,	46,	4,	13
40,	136,	42,	46,	11,	13
45,	3,	14,	40,	129,	40
45,	4,	14,	40,	129,	40
45,	12,	14,	46,	4,	1
45,	13,	14,	46,	5,	1
46,	4,	0,	45,	12,	13
46,	5,	0,	45,	13,	13
46,	4,	14,	40,	134,	43
46,	5,	14,	40,	134,	43
46,	11,	14,	40,	136,	43
46,	12,	14,	40,	136,	43

//Alchemist
40,	147,	87,	47,	8,	12
40,	148,	87,	47,	9,	12
47,	8,	13,	40,	147,	88
47,	9,	13,	40,	148,	88

// Butcher
40,	130,	77,	48,	7,	11
40,	131,	77,	48,	8,	11
48,	7,	12,	40,	130,	78
48,	8,	12,	40,	131,	78

// Tailor
40,	132,	85,	49,	7,	11
40,	133,	85,	49,	8,	11
49,	7,	12,	40,	132,	86
49,	8,	12,	40,	133,	86

// Blacksmith
40,	145,	78,	72,	8,	11
40,	146,	78,	72,	9,	11
72,	8,	12,	40,	145,	79
72,	9,	12,	40,	146,	79

//Shaman
40,	66,	85,	73,	8,	11
40,	67,	85,	73,	9,	11
73,	8,	12,	40,	66,	86
73,	9,	12,	40,	67,	86

// Games Hall
//40,	103,	59,	74,	14,	11
//40,	104,	59,	74,	15,	11
//74,	14,	12,	40,	103,	60
//74,	15,	12,	40,	104,	60

//Arena
40,	52,	72,	76,	11,	23
40,	53,	72,	76,	12,	23
76,	10,	24,	40,	52,	73
76,	11,	24,	40,	52,	73
76,	12,	24,	40,	53,	73
76,	13,	24,	40,	53,	73
76,	23,	11,	77,	9,	3
76,	23,	12,	77,	8,	3
77,	8,	2,	76,	22,	12
77,	9,	2,	76,	22,	11

// West Messenger
40,	44,	59,	78,	7,	13
40,	45,	59,	78,	9,	13
78,	7,	14,	40,	44,	60
78,	8,	14,	40,	44,	60
78,	9,	14,	40,	45,	60

// East Messenger
40,	145,	48,	99,	7,	12
40,	146,	48,	99,	9,	12
99,	7,	13,	40,	145,	49
99,	8,	13,	40,	145,	49
99,	9,	13,	40,	146,	49

//Theater (After Upgrade)
//40,	54,	58,	75,	15,	23
//40,	55,	58,	75,	16,	23
75,	15,	24,	40,	54,	59
75,	16,	24,	40,	55,	59
75,	4,	4,	133,	4,	12
75,	5,	4,	133,	5,	12
133,	4,	14,	75,	4,	6
133,	5,	14,	75,	5,	6

// Theater (Before Upgrade)
40,	53,	56,	214,	8,	1
214,	7,	0,	40,	53,	55
214,	8,	0,	40,	53,	55
214,	9,	0,	40,	53,	55

// Jail
40,	111,	41,	135,	7,	13
40,	112,	41,	135,	9,	13
135,	7,	14,	40,	111,	42
135,	8,	14,	40,	111,	42
135,	9,	14,	40,	112,	42
135,	7,	5,	134,	7,	13
135,	8,	5,	134,	8,	13
135,	9,	5,	134,	9,	13
134,	7,	14,	135,	7,	6
134,	8,	14,	135,	8,	6
134,	9,	14,	135,	9,	6

// Bank
40,	105,	45,	32,	8,	13
32,	7,	14,	40,	105,	46
32,	8,	14,	40,	105,	46
32,	9,	14,	40,	105,	46

// Sentinel Office
127,	15,	14,	40,	36,	48
127,	16,	14,	40,	37,	48
40,	36,	46,	127,	15,	12
40,	37,	46,	127,	16,	12

// Harlequin Chamber
129,	13,	3,	40,	130,	44
40,	130,	45,	129,	13,	4
40,	131,	45,	129,	13,	4

// Chapel
34,	7,	14,	40,	15,	16
34,	8,	14,	40,	15,	16
34,	9,	14,	40,	15,	16
40,	15,	15,	34,	8,	13

// Habberdashery
//40,	126,	87,	154,	7,	11
//40,	127,	87,	154,	8,	11
//154,	7,	12,	40,	126,	88
//154,	8,	12,	40,	127,	88

// Hairstylist Map 173
40,	93,	79,	173,	8,	12
40,	94,	79,	173,	8,	12
173,	7,	13,	40,	93,	80
173,	8,	13,	40,	93,	80
173,	9,	13,	40,	94,	80

//Erebus Sanctuary
//40,	7,	4,	38,	12,	12
38,	12,	12,	40,	7,	3

//Dirk house
//40,	63,	35,	6000,	12,	13
//6000,	12,	14,	40,	63,	36
//6000,	11,	14,	40,	63,	36
6000,	15,	3,	6001,	3,	13
6000,	16,	3, 	6001,	4,	13
6001,	3,	14,	6000,	15,	4
6001,	4,	14,	6000,	16,	4
6001,	4,	14,	6000,	16,	4	
6002,	11,	14,	6000,	3,	6
6002,	12,	14,	6000,	4,	6
6000,	3,	5,	6002,	11,	13
6000,	4,	5,	6002,	12,	13	

//Clows Retreat
174,	11,	9,	98,	22,	25
174,	12,	9,	98,	23,	25
//98,	22,	24,	174,	11,	8
//98,	23,	24,	174,	12,	8
174,	6,	7,	177,	8,	13
177,	8,	14,	174,	6,	8
177,	8,	4,	183,	8,	1
177,	9,	4,	183,	9,	1
177,	10,	4,	183,	10,	1
177,	11,	4,	183,	11,	1
183,	8,	0,	177,	8,	3
183,	9,	0,	177,	9,	3
183,	10,	0,	177,	10,	3
183,	11,	0,	177,	11,	3
	
//capital castle
40,	78,	56,	80,	14,	29
40,	79,	56,	80,	15,	29
80,	14,	30,	40,	78,	57
80,	15,	30,	40,	79,	57
80,	7,	10,	94,	7,	21
80,	8,	10,	94,	8,	21
80,	9,	10,	94,	9,	21
94,	7,	22,	80,	7,	11
94,	8,	22,	80,	8,	11
94,	9,	22,	80,	9,	11
94,	7,	2,	95,	7,	17
94,	8,	2,	95,	8,	17
94,	9,	2,	95,	9,	17
95,	7,	18,	94,	7,	3
95,	8,	18,	94,	8,	3
95,	9,	18,	94,	9,	3
80,	20,	10,	36,	7,	21
80,	21,	10,	36,	8,	21
80,	22,	10,	36,	9,	21
36,	7,	22,	80,	20,	11
36,	8,	22,	80,	21,	11
36,	9,	22,	80,	22,	11
36,	7,	2,	37,	15,	28
36,	8,	2,	37,	16,	28
36,	9,	2,	37,	18,	28
146,	6,	18,	36,	7,	3
146,	7,	18,	36,	9,	3
37,	15,	29,	36,	7,	3
37,	16,	29,	36,	8,	3
37,	17,	29,	36,	8,	3
37,	18,	29,	36,	9,	3
80,	13,	2,	147,	6,	28
80,	14,	2,	147,	7,	28
80,	15,	2,	147,	8,	28
80,	16,	2,	147,	9,	28
147,	6,	29,	80,	13,	3
147,	7,	29,	80,	14,	3
147,	8,	29,	80,	15,	3
147,	9,	29,	80,	16,	3

// Arecian Militia

// // City <-> Mead Hall
40,	89,	34,	178,	13,	19
40,	90,	34,	178,	14,	19
178,	13,	20,	40,	89,	35
178,	14,	20,	40,	90,	35

// // Mead Hall <-> Corridor
178,	27,	17,	179,	28,	8
179,	29,	7,	178,	28,	17
179,	29,	8,	178,	28,	17
179,	29,	9,	178,	28,	17

// // Corridor <-> Barracks
179,	24,	12,	185,	23,	3
179,	23,	12,	185,	24,	3
179,	5,	12,	185,	5,	3
179,	6,	12,	185,	6,	3
185,	5,	2,	179,	5,	11
185,	6,	2,	179,	6,	11
185,	23,	2,	179,	23,	11
185,	24,	2,	179,	24,	11

// // Corridor <-> Archives
179,	5,	4,	181,	8,	13
179,	6,	4,	181,	8,	13
181,	7,	14,	179,	5,	5
181,	8,	14,	179,	5,	5
181,	9,	14,	179,	6,	5

// // Corridor <-> Shop
179,	23,	4,	186,	4,	13
179,	24,	4,	186,	5,	13
186,	4,	14,	179,	23,	5
186,	5,	14,	179,	24,	5

// // Corridor <-> Meeting Room
180,	16,	7,	179,	1,	7
180,	16,	8,	179,	1,	8
180,	16,	9,	179,	1,	9
179,	0,	7,	180,	15,	7
179,	0,	8,	180,	15,	8
179,	0,	9,	180,	15,	9

// // Shop <-> Sparring Room
186,	11,	1,	187,	8,	13
186,	12,	1,	187,	8,	13
187,	7,	14,	186,	11,	2
187,	8,	14,	186,	11,	2
187,	9,	14,	186,	12,	2

// // Meeting Room <-> General's Quarters
180,	4,	1,	188,	3,	13
180,	5,	1,	188,	4,	13
188,	3,	14,	180,	4,	2
188,	4,	14,	180,	5,	2

//capital to wish washy (harbor)
40,	157,	52,	98,	1,	52
40,	157,	53,	98,	1,	53
40,	157,	54,	98,	1,	54
98,	0,	54,	40,	156,	54
98,	0,	53,	40,	156,	53
98,	0,	52,	40,	156,	52
98,	31,	48,	130,	7,	10
98,	32,	48,	130,	8,	10
98,	33,	48,	130,	9,	10
130,	7,	14,	98,	31,	50
130,	8,	14,	98,	32,	50
130,	9,	14,	98,	33,	50	

//mineshaft
118,	6,	49,	119,	23,	1
118,	7,	49,	119,	24,	1
119,	23,	0,	118,	6,	48
119,	24,	0,	118,	7,	48
118,	44,	16,	120,	43,	1
118,	45,	16,	120,	44,	1
120,	43,	0,	118,	44,	15
120,	44,	0,	118,	45,	15
118,	54,	45,	121,	17,	6
118,	55,	45,	121,	18,	6
121,	17,	5,	118,	54,	44
121,	18,	5,	118,	55,	44
119,	19,	61,	122,	34,	54
119,	20,	61,	122,	35,	54
122,	34,	53,	119,	19,	60
122,	35,	53,	119,	20,	60
122,	16,	14,	123,	10,	12
122,	17,	14,	123,	11,	12
123,	10,	13,	122,	16,	15
123,	11,	13,	122,	17,	15
123,	3,	14,	120,	8,	4
123,	4,	14,	120,	9,	4
120,	8,	3,	123,	3,	13
120,	9,	3,	123,	4,	13
122,	47,	20,	124,	3,	12
122,	48,	20,	124,	4,	12
124,	3,	13,	122,	47,	21
124,	4,	13,	122,	48,	21
124,	11,	14,	121,	77,	3
124,	12,	14,	121,	78,	3
121,	77,	2,	124,	11,	13
121,	78,	2,	124,	12,	13
122,	31,	33,	125,	7,	13
122,	32,	33,	125,	8,	13
125,	7,	14,	122,	31,	34
125,	8,	14,	122,	32,	34

//toweringpines
15,	67,	3,	57,	17,	38
15,	68,	3,	57,	18,	38
15,	69,	3,	57,	19,	38
57,	17,	39,	15,	67,	4
57,	18,	39,	15,	68,	4
57, 19, 39,	15,	69,	4
57,	16,	0,	58,	17,	33
57,	17,	0,	58,	18,	33
58,	17,	34,	57,	16,	1
58,	18,	34,	57,	17,	1
58,	6,	0,	59,	21,	43
58,	7,	0,	59,	23,	43
59,	21,	44,	58,	6,	1
59,	22,	44,	58,	6,	1
59,	23,	44,	58,	7,	1
59,	0,	37,	60,	28,	37
59,	0,	38,	60,	28,	38
59,	0,	39,	60,	28,	39
59,	0,	12,	60,	28,	12
59,	0,	13,	60,	28,	13
59,	0,	14,	60,	28,	14
59,	0,	15,	60,	28,	15
60,	29,	37,	59,	1,	37
60,	29,	38,	59,	1,	38
60,	29,	39,	59,	1,	39
60,	29,	12,	59,	1,	12
60,	29,	13,	59,	1,	13
60,	29,	14,	59,	1,	14
60,	29,	15,	59,	1,	15
58,	34,	6,	62,	1,	2
58,	34,	7,	62,	1,	3
62,	0,	2,	58,	33,	6
62,	0,	3,	58,	33,	7
62,	29,	22,	63,	1,	10
62,	29,	23,	63,	1,	11
62,	29,	24,	63,	1,	12
62,	29,	25,	63,	1,	13
63,	0,	10,	62,	28,	22
63,	0,	11,	62,	28,	23
63,	0,	12,	62,	28,	24
63,	0,	13,	62,	28,	25
59,	49,	32,	64,	1,	6
59,	49,	33,	64,	1,	7
59,	49,	34,	64,	1,	8
64,	0,	6,	59,	48,	32
64,	0,	7,	59,	48,	33
64,	0,	8,	59,	48,	34
64,	24,	0,	65,	13,	21
64,	25,	0,	65,	14,	21
64,	26,	0,	65,	15,	21
65,	13,	22,	64,	24,	1
65,	14,	22,	64,	25,	1
65,	15,	22,	64,	26,	1
64,	44,	12,	66,	1,	32
64,	44,	13,	66,	1,	33
64,	44,	14,	66,	1,	34
66,	0,	32,	64,	43,	12
66,	0,	33,	64,	43,	13
66,	0,	34,	64,	43,	14
66,	44,	10,	67,	1,	10
66,	44,	11,	67,	1,	11
66,	44,	12,	67,	1,	12
67,	0,	10,	66,	43,	10
67,	0,	11,	66,	43,	11
67,	0,	12,	66,	43,	12
67,	0,	57,	63,	57,	1
67,	0,	58,	63,	57,	2
67,	0,	59,	63,	57,	3
63,	58,	1,	67,	1,	57
63,	58,	2,	67,	1,	58
63,	58,	3,	67,	1,	59
67,	39,	46,	68,	1,	9
67,	39,	47,	68,	1,	10
67,	39,	48,	68,	1,	11
68,	0,	9,	67,	38,	46
68,	0,	10,	67,	38,	47
68,	0,	11,	67,	38,	48
65, 13, 0,	84,	13,	21
65,	14,	0,	84,	14,	21
84,	13,	22,	65,	13,	1
84,	14,	22,	65,	14,	1

//tricave
27,	4,	55,	81,	5,	28
27,	5,	55,	81,	6,	28
81,	5,	29,	27,	4,	56
81,	6,	29,	27,	5,	56
81,	2,	0,	69,	23,	13
69,	23,	12,	81,	2,	1
70,	12,	3,	83,	8,	13
83,	7,	14,	70,	12,	4
83,	8,	14,	70,	12,	4
83,	9,	14,	70,	12,	4
69,	2,	25,	71,	15,	7
71,	15,	6,	69,	2,	26
71,	2,	3,	70,	22,	14
70,	22,	13,	71,	2,	4
70,	3,	3,	82,	10,	12
82,	10,	11,	70,	3,	4
82,	9,	0,	69,	9,	25
82,	10,	0,	69,	10,	25
82,	11,	0,	69,	11,	25
82,	12,	0,	69,	12,	25
82, 13,	0,	69,	13,	25
69,	9,	26,	82,	9,	1
69,	10,	26,	82,	10,	1
69,	11,	26,	82,	11,	1
69,	12,	26,	82,	12,	1
69,	13,	26,	82,	13,	1

//towering pines to lumberjack
//15,	106,	14,	57,	17,	38
//15,	107,	14,	57,	18,	38
//15,	108,	14,	57,	19,	38
//57,	17,	39,	15,	105,	14
//57,	18,	39,	15,	108,	13
//57,	19,	39,	15,	108,	14

//tutorial warps
4711,	8,	16,	4712,	3,	1
4711,	9,	16,	4712,	4,	1
4711,	10,	16,	4712,	5,	1
4711,	11,	16,	4712,	6,	1
4712,	3,	0,	4711,	8,	15
4712,	4,	0,	4711,	9,	15
4712,	5,	0,	4711,	10,	15
4712,	6,	0,	4711,	11,	15
4712,	13,	19,	4713,	1,	1
4712,	14,	19,	4713,	2,	1
4712,	15,	19,	4713,	3,	1
4712,	16,	19,	4713,	4,	1
4713,	1,	0,	4712,	13,	18
4713,	2,	0,	4712,	14,	18
4713,	3,	0,	4712,	15,	18
4713,	4,	0,	4712,	16,	18
4713,	1,	14,	4714,	7,	1
4713,	2,	14,	4714,	8,	1
4713,	3,	14,	4714,	9,	1
4713,	4,	14,	4714,	10,	1
4714,	7,	0,	4713,	1,	13
4714,	8,	0,	4713,	2,	13
4714,	9,	0,	4713,	3,	13
4714,	10,	0,	4713,	4,	13

//shepherd to wetshaft
30,	62,	51,	118,	27,	62
30,	63,	51,	118,	28,	62
118,	27,	63,	30,	62,	52
118,	28,	63,	30,	63,	52

//shepherd to ruins
30,	60,	9,	85,	16,	43
30,	61,	9,	85,	18,	43
85,	16,	44,	30,	60,	10
85,	17,	44,	30,	60,	10
85,	18,	44,	30,	61,	10

//ruins
85,	34,	5,	86,	13,	32
85,	34,	6,	86,	13,	33
85,	34,	7,	86,	13,	34
86,	12,	32,	85,	33,	5
86,	12,	33,	85,	33,	6
86,	12,	34,	85,	33,	7
85,	0,	5,	87,	16,	32
85,	0,	6,	87,	16,	33
85,	0,	7,	87,	16,	34
87,	17,	32,	85,	1,	5
87,	17,	33,	85,	1,	6
87,	17,	34,	85,	1,	7
86,	7,	14,	88,	27,	25
86,	8,	14,	88,	28,	25
88,	27,	24,	86,	7,	13
88,	28,	24,	86,	8,	13
87,	21,	14,	88,	6,	25
87,	22,	14,	88,	7,	25
88,	6,	24,	87,	21,	13
88,	7,	24,	87,	22,	13
88,	16,	0,	93,	7,	15
88,	17,	0,	93,	8,	15
88,	18,	0,	93,	9,	15
89,	7,	16,	88,	16,	1
89,	8,	16,	88,	17,	1
89,	9,	16,	88,	18,	1
89,	9,	7,	90,	17,	1
90,	16,	0,	89,	8,	7
90,	17,	0,	89,	8,	7
90,	18,	0,	89,	8,	7
90,	1,	14,	91,	1,	6
90,	33,	14,	91,	33,	6
91,	0,	5,	90,	2,	14
91,	0,	6,	90,	2,	14
91,	0,	7,	90,	2,	14
91,	34,	5,	90,	32,	14
91,	34,	6,	90,	32,	14
91,	34,	7,	90,	32,	14
90,	16,	34,	92,	11,	1
90,	17,	34,	92,	12,	1
90,	18,	34,	92,	13,	1
92,	11,	0,	90,	16,	33
92,	12,	0,	90,	17,	33
92,	13,	0,	90,	18,	33
93,	7,	16,	88,	16,	1
93,	8,	16,	88,	17,	1
93,	9,	16,	88,	18,	1

// New Ruins
30,	99,	31,	200,	17,	19
200,	17,	20,	30,	98,	31
200,	16,	20,	30,	98,	31

//1st left door
200,	6,	2,	201,	14,	36
200,	7,	2,	201,	15,	36
201,	14,	37,	200,	6,	3
201,	15,	37,	200,	7,	3

//1st right door
200,	26,	2,	202,	14,	36
200,	27,	2,	202,	15,	36
202,	14,	37,	200,	26,	3
202,	15,	37,	200,	27,	3

//2nd right door
202,	14,	9,	203,	21,	34
202,	15,	9,	203,	22,	34
203,	21,	35,	202,	14,	10
203,	22,	35,	202,	15,	10

//3rd right door
203,	7,	25,	205,	28,	11
203,	8,	25,	205,	29,	11
205,	28,	10,	203,	7,	24
205,	29,	10,	203,	8,	24

//door to stairs
205,	17,	2,	206,	7,	15
205,	18,	2,	206,	8,	15
206,	7,	16,	205,	17,	3
206,	8,	16,	205,	17,	3
206,	9,	16,	205,	18,	3

//2nd left door
201,	14,	9,	207,	7,	31
201,	15,	9,	207,	8,	31
207,	7,	32,	201,	14,	10
207,	8,	32,	201,	15,	10

//3rd right door
207,	21,	22,	205,	6,	11
207,	22,	22,	205,	7,	11
205,	6,	10,	207,	21,	21
205,	7,	10,	207,	22,	21

//To ruins 2
208,	0,	6,	206,	8,	7
208,	0,	7,	206,	8,	7

//To barrel room
208,	10,	16,	209,	9,	1
208,	11,	16,	209,	10,	1
209,	9,	0,	208,	10,	15
209,	10,	0,	208,	11,	15

//Barrel room to rest of cave
209,	9,	28,	210,	16,	1
209,	10,	28,	210,	17,	1
210,	16,	0,	209,	9,	27
210,	17,	0,	209,	10,	27

// Basement
137,	1,	3,	138,	15,	4
137,	1,	4,	138,	16, 	4
138,	15,	3,	137,	2,	3
138,	16,	3,	137,	2,	4
138,	5,	22,	139,	4,	9
138,	6,	22,	139,	5,	9
139,	4,	8,	138,	5,	21
139,	5,	8,	138,	6,	21
139,	29,	14,	140,	2,	13
139,	29,	15,	140,	2,	14
140,	1,	13,	139,	28,	14
140,	1,	14,	139,	28,	15
140,	17,	3,	141,	7,	19
140,	18,	3,	141,	8,	19
141,	7,	20,	140,	17,	4
141,	8,	20,	140,	18,	4
141,	7,	4,	142,	11,	19
141,	8,	4,	142,	12,	19
142,	11,	20,	141,	7,	5
142,	12,	20,	141,	8,	5
143,	7,	17,	139,	14,	3
143,	8,	17,	139,	15,	3
139,	14,	2,	143,	7,	16
139,	15,	2,	143,	8,	16
142,	11,	3,	226,	11,	19
142,	12,	3,	226,	12,	19
226,	11,	20,	142,	11,	4
226,	12,	20,	142,	12,	4

//Fox Cave

// // Minefield <-> Room1
27,	72,	70,	220,	1,	6
27,	72,	71,	220,	1,	7
220,	0,	6,	27,	71,	70
220,	0,	7,	27,	71,	71

// // Room1 <-> Room2
220,	29,	6,	221,	1,	25
220,	29,	7,	221,	1,	26
221,	0,	25,	220,	28,	6
221,	0,	26,	220,	28,	7

// // Room2 <-> Room3
221,	29,	24,	222,	1,	5
221,	29,	25,	222,	1,	6
221,	29,	26,	222,	1,	7
222,	0,	5,	221,	28,	24
222,	0,	6,	221,	28,	25
222,	0,	7,	221,	28,	26

// // Room3 <-> Room4
222,	29,	11,	223,	1,	9	
222,	29,	12,	223,	1,	10
222,	29,	13,	223,	1,	11
223,	0,	9,	222,	28,	11
223,	0,	10,	222,	28,	12
223,	0,	11,	222,	28,	13

// // Room3 <-> Room5
222,	0,	25,	224,	28,	4
222,	0,	26,	224,	28,	5
222,	0,	27,	224,	28,	6
224,	29,	4,	222,	1,	25
224,	29,	5,	222,	1,	26
224,	29,	6,	222,	1,	27

// // Room5 <-> Room1
224,	0,	7,	220,	28,	21
224,	0,	8,	220,	28,	22
224,	0,	9,	220,	28,	23
220,	29,	21,	224,	1,	7
220,	29,	22,	224,	1,	8
220,	29,	23,	224,	1,	9

// // Room1 <-> Room6
220,	6,	29,	225,	8,	1
220,	7,	29,	225,	9,	1
220,	8,	29,	225,	10,	1
225,	8,	0,	220,	6,	28
225,	9,	0,	220,	7,	28
225,	10,	0,	220,	8,	28

// // End room to Entrance
227,	0,	8,	27,	71,	70
227,	0,	9,	27,	71,	70
227,	0,	10,	27,	71,	71
227,	0,	11,	27,	71,	71


//ghari's house
148,	10,	13,	39,	0,	9
148,	11,	13,	39,	0,	9
148,	12,	13,	39,	1,	9
39,	0,	10,	148,	10,	12
39,	1,	10,	148,	12,	12
148,	2,	13,	149,	2,	2
148,	3,	13,	149,	3,	2
148,	4,	13,	149,	4,	2
149,	2,	1,	148,	2,	12
149,	3,	1,	148,	3,	12
149,	4,	1,	148,	4,	12
149,	13,	13,	150,	12,	1
149,	14,	13,	150,	12,	1
150,	11,	0,	149,	13,	12
150,	12,	0,	149,	13,	12
150,	13,	0,	149,	14,	12